The number of conditionality: 125.95983646245163

Lambda maximum: 109.56531204654247
Lambda minimum: 1.0187765742779955
Stop criteria for power method: epsilon = 1e-2

Matrix of linear system can be LU decomposed!

1) Solution through LU decomposition method:
[ 0.00078653  0.00144921  0.00202499  0.00252895  0.00297379  0.00336931
  0.00372328  0.00404192  0.00433025  0.0045924   0.00483178  0.00505124
  0.00525315  0.00543954  0.00561213  0.0057724   0.00592162  0.00606091
  0.0061912   0.00631336  0.00642812  0.00653613  0.00663797  0.00673415
  0.00682514  0.00691133  0.00699311  0.0070708   0.0071447   0.00721509
  0.00728219  0.00734625  0.00740747  0.00746602  0.00752208  0.0075758
  0.00762734  0.00767681  0.00772434  0.00777004  0.00781402  0.00785637
  0.00789718  0.00793653  0.0079745   0.00801117  0.00804659  0.00808083
  0.00811394  0.00814599  0.00817702  0.00820709  0.00823622  0.00826448
  0.00829189  0.00831849  0.00834432  0.00836942  0.00839381  0.00841752
  0.00844058  0.00846302  0.00848486  0.00850612  0.00852683  0.00854702
  0.00856669  0.00858586  0.00860457  0.00862282  0.00864063  0.00865801
  0.00867499  0.00869157  0.00870777  0.0087236   0.00873908  0.00875421
  0.00876901  0.00878349  0.00879766  0.00881152  0.0088251   0.00883839
  0.0088514   0.00886415  0.00887665  0.00888889  0.00890089  0.00891266
  0.0089242   0.00893551  0.00894661  0.0089575   0.00896819  0.00897867
  0.00898935  0.0089586   0.01338045 -0.46742712]

2) Solution through upper relaxation method:

Amount of iterations: 27 

[ 0.00078653  0.00144921  0.00202499  0.00252895  0.00297379  0.00336931
  0.00372328  0.00404192  0.00433025  0.0045924   0.00483178  0.00505124
  0.00525315  0.00543954  0.00561213  0.0057724   0.00592162  0.00606091
  0.0061912   0.00631336  0.00642812  0.00653613  0.00663797  0.00673415
  0.00682514  0.00691133  0.00699311  0.0070708   0.0071447   0.00721509
  0.00728219  0.00734625  0.00740747  0.00746602  0.00752208  0.0075758
  0.00762734  0.00767681  0.00772434  0.00777004  0.00781402  0.00785637
  0.00789718  0.00793653  0.0079745   0.00801117  0.00804659  0.00808083
  0.00811394  0.00814599  0.00817702  0.00820709  0.00823622  0.00826448
  0.00829189  0.00831849  0.00834432  0.00836942  0.00839381  0.00841752
  0.00844058  0.00846302  0.00848486  0.00850612  0.00852683  0.00854702
  0.00856669  0.00858586  0.00860457  0.00862282  0.00864063  0.00865801
  0.00867499  0.00869157  0.00870777  0.0087236   0.00873908  0.00875421
  0.00876901  0.00878349  0.00879766  0.00881152  0.0088251   0.00883839
  0.0088514   0.00886415  0.00887665  0.00888889  0.00890089  0.00891266
  0.0089242   0.00893551  0.00894661  0.0089575   0.00896819  0.00897867
  0.00898935  0.0089586   0.01338045 -0.46742712]

Stop criteria for upper relaxation method: epsilon = 1e-15
Printing of residuals: 7.419264466442592e-16
